deribit_instrument_name,binance_symbol
BTC-17APR26-56000-C,BTC-260417-56000-C
BTC-17APR26-56000-P,BTC-260417-56000-P
BTC-17APR26-58000-C,BTC-260417-58000-C
BTC-17APR26-58000-P,BTC-260417-58000-P
BTC-17APR26-60000-C,BTC-260417-60000-C
BTC-17APR26-60000-P,BTC-260417-60000-P
BTC-17APR26-62000-C,BTC-260417-62000-C
BTC-17APR26-62000-P,BTC-260417-62000-P
BTC-17APR26-63000-C,BTC-260417-63000-C
BTC-17APR26-63000-P,BTC-260417-63000-P
BTC-17APR26-64000-C,BTC-260417-64000-C
BTC-17APR26-64000-P,BTC-260417-64000-P
BTC-17APR26-65000-C,BTC-260417-65000-C
BTC-17APR26-65000-P,BTC-260417-65000-P
BTC-17APR26-66000-C,BTC-260417-66000-C
BTC-17APR26-66000-P,BTC-260417-66000-P
BTC-17APR26-67000-C,BTC-260417-67000-C
BTC-17APR26-67000-P,BTC-260417-67000-P
BTC-17APR26-68000-C,BTC-260417-68000-C
BTC-17APR26-68000-P,BTC-260417-68000-P
BTC-17APR26-69000-C,BTC-260417-69000-C
BTC-17APR26-69000-P,BTC-260417-69000-P
BTC-17APR26-70000-C,BTC-260417-70000-C
BTC-17APR26-70000-P,BTC-260417-70000-P
BTC-17APR26-71000-C,BTC-260417-71000-C
BTC-17APR26-71000-P,BTC-260417-71000-P
BTC-17APR26-72000-C,BTC-260417-72000-C
BTC-17APR26-72000-P,BTC-260417-72000-P
BTC-17APR26-73000-C,BTC-260417-73000-C
BTC-17APR26-73000-P,BTC-260417-73000-P
BTC-17APR26-74000-C,BTC-260417-74000-C
BTC-17APR26-74000-P,BTC-260417-74000-P
BTC-17APR26-75000-C,BTC-260417-75000-C
BTC-17APR26-75000-P,BTC-260417-75000-P
BTC-17APR26-76000-C,BTC-260417-76000-C
BTC-17APR26-76000-P,BTC-260417-76000-P
BTC-17APR26-80000-C,BTC-260417-80000-C
BTC-17APR26-80000-P,BTC-260417-80000-P
BTC-17APR26-82000-C,BTC-260417-82000-C
BTC-17APR26-82000-P,BTC-260417-82000-P
BTC-24APR26-45000-C,BTC-260424-45000-C
BTC-24APR26-45000-P,BTC-260424-45000-P
BTC-24APR26-50000-C,BTC-260424-50000-C
BTC-24APR26-50000-P,BTC-260424-50000-P
BTC-24APR26-52000-C,BTC-260424-52000-C
BTC-24APR26-52000-P,BTC-260424-52000-P
BTC-24APR26-55000-C,BTC-260424-55000-C
BTC-24APR26-55000-P,BTC-260424-55000-P
BTC-24APR26-56000-C,BTC-260424-56000-C
BTC-24APR26-56000-P,BTC-260424-56000-P
BTC-24APR26-57000-C,BTC-260424-57000-C
BTC-24APR26-57000-P,BTC-260424-57000-P
BTC-24APR26-58000-C,BTC-260424-58000-C
BTC-24APR26-58000-P,BTC-260424-58000-P
BTC-24APR26-59000-C,BTC-260424-59000-C
BTC-24APR26-59000-P,BTC-260424-59000-P
BTC-24APR26-60000-C,BTC-260424-60000-C
BTC-24APR26-60000-P,BTC-260424-60000-P
BTC-24APR26-61000-C,BTC-260424-61000-C
BTC-24APR26-61000-P,BTC-260424-61000-P
BTC-24APR26-62000-C,BTC-260424-62000-C
BTC-24APR26-62000-P,BTC-260424-62000-P
BTC-24APR26-63000-C,BTC-260424-63000-C
BTC-24APR26-63000-P,BTC-260424-63000-P
BTC-24APR26-64000-C,BTC-260424-64000-C
BTC-24APR26-64000-P,BTC-260424-64000-P
BTC-24APR26-65000-C,BTC-260424-65000-C
BTC-24APR26-65000-P,BTC-260424-65000-P
BTC-24APR26-66000-C,BTC-260424-66000-C
BTC-24APR26-66000-P,BTC-260424-66000-P
BTC-24APR26-67000-C,BTC-260424-67000-C
BTC-24APR26-67000-P,BTC-260424-67000-P
BTC-24APR26-68000-C,BTC-260424-68000-C
BTC-24APR26-68000-P,BTC-260424-68000-P
BTC-24APR26-69000-C,BTC-260424-69000-C
BTC-24APR26-69000-P,BTC-260424-69000-P
BTC-24APR26-70000-C,BTC-260424-70000-C
BTC-24APR26-70000-P,BTC-260424-70000-P
BTC-24APR26-71000-C,BTC-260424-71000-C
BTC-24APR26-71000-P,BTC-260424-71000-P
BTC-24APR26-72000-C,BTC-260424-72000-C
BTC-24APR26-72000-P,BTC-260424-72000-P
BTC-24APR26-73000-C,BTC-260424-73000-C
BTC-24APR26-73000-P,BTC-260424-73000-P
BTC-24APR26-74000-C,BTC-260424-74000-C
BTC-24APR26-74000-P,BTC-260424-74000-P
BTC-24APR26-75000-C,BTC-260424-75000-C
BTC-24APR26-75000-P,BTC-260424-75000-P
BTC-24APR26-76000-C,BTC-260424-76000-C
BTC-24APR26-76000-P,BTC-260424-76000-P
BTC-24APR26-78000-C,BTC-260424-78000-C
BTC-24APR26-78000-P,BTC-260424-78000-P
BTC-24APR26-80000-C,BTC-260424-80000-C
BTC-24APR26-80000-P,BTC-260424-80000-P
BTC-24APR26-81000-C,BTC-260424-81000-C
BTC-24APR26-81000-P,BTC-260424-81000-P
BTC-24APR26-82000-C,BTC-260424-82000-C
BTC-24APR26-82000-P,BTC-260424-82000-P
BTC-24APR26-83000-C,BTC-260424-83000-C
BTC-24APR26-83000-P,BTC-260424-83000-P
BTC-24APR26-84000-C,BTC-260424-84000-C
BTC-24APR26-84000-P,BTC-260424-84000-P
BTC-24APR26-85000-C,BTC-260424-85000-C
BTC-24APR26-85000-P,BTC-260424-85000-P
BTC-24APR26-86000-C,BTC-260424-86000-C
BTC-24APR26-86000-P,BTC-260424-86000-P
BTC-24APR26-88000-C,BTC-260424-88000-C
BTC-24APR26-88000-P,BTC-260424-88000-P
BTC-24APR26-90000-C,BTC-260424-90000-C
BTC-24APR26-90000-P,BTC-260424-90000-P
BTC-24APR26-92000-C,BTC-260424-92000-C
BTC-24APR26-92000-P,BTC-260424-92000-P
BTC-24APR26-94000-C,BTC-260424-94000-C
BTC-24APR26-94000-P,BTC-260424-94000-P
BTC-24APR26-96000-C,BTC-260424-96000-C
BTC-24APR26-96000-P,BTC-260424-96000-P
BTC-24APR26-98000-C,BTC-260424-98000-C
BTC-24APR26-98000-P,BTC-260424-98000-P
BTC-24APR26-100000-C,BTC-260424-100000-C
BTC-24APR26-100000-P,BTC-260424-100000-P
BTC-24APR26-105000-C,BTC-260424-105000-C
BTC-24APR26-105000-P,BTC-260424-105000-P
BTC-24APR26-110000-C,BTC-260424-110000-C
BTC-24APR26-110000-P,BTC-260424-110000-P
BTC-24APR26-120000-C,BTC-260424-120000-C
BTC-24APR26-120000-P,BTC-260424-120000-P
BTC-29MAY26-45000-C,BTC-260529-45000-C
BTC-29MAY26-45000-P,BTC-260529-45000-P
BTC-29MAY26-50000-C,BTC-260529-50000-C
BTC-29MAY26-50000-P,BTC-260529-50000-P
BTC-29MAY26-52000-C,BTC-260529-52000-C
BTC-29MAY26-52000-P,BTC-260529-52000-P
BTC-29MAY26-54000-C,BTC-260529-54000-C
BTC-29MAY26-54000-P,BTC-260529-54000-P
BTC-29MAY26-56000-C,BTC-260529-56000-C
BTC-29MAY26-56000-P,BTC-260529-56000-P
BTC-29MAY26-58000-C,BTC-260529-58000-C
BTC-29MAY26-58000-P,BTC-260529-58000-P
BTC-29MAY26-60000-C,BTC-260529-60000-C
BTC-29MAY26-60000-P,BTC-260529-60000-P
BTC-29MAY26-61000-C,BTC-260529-61000-C
BTC-29MAY26-61000-P,BTC-260529-61000-P
BTC-29MAY26-62000-C,BTC-260529-62000-C
BTC-29MAY26-62000-P,BTC-260529-62000-P
BTC-29MAY26-64000-C,BTC-260529-64000-C
BTC-29MAY26-64000-P,BTC-260529-64000-P
BTC-29MAY26-65000-C,BTC-260529-65000-C
BTC-29MAY26-65000-P,BTC-260529-65000-P
BTC-29MAY26-66000-C,BTC-260529-66000-C
BTC-29MAY26-66000-P,BTC-260529-66000-P
BTC-29MAY26-67000-C,BTC-260529-67000-C
BTC-29MAY26-67000-P,BTC-260529-67000-P
BTC-29MAY26-68000-C,BTC-260529-68000-C
BTC-29MAY26-68000-P,BTC-260529-68000-P
BTC-29MAY26-69000-C,BTC-260529-69000-C
BTC-29MAY26-69000-P,BTC-260529-69000-P
BTC-29MAY26-70000-C,BTC-260529-70000-C
BTC-29MAY26-70000-P,BTC-260529-70000-P
BTC-29MAY26-71000-C,BTC-260529-71000-C
BTC-29MAY26-71000-P,BTC-260529-71000-P
BTC-29MAY26-72000-C,BTC-260529-72000-C
BTC-29MAY26-72000-P,BTC-260529-72000-P
BTC-29MAY26-74000-C,BTC-260529-74000-C
BTC-29MAY26-74000-P,BTC-260529-74000-P
BTC-29MAY26-76000-C,BTC-260529-76000-C
BTC-29MAY26-76000-P,BTC-260529-76000-P
BTC-29MAY26-78000-C,BTC-260529-78000-C
BTC-29MAY26-78000-P,BTC-260529-78000-P
BTC-29MAY26-80000-C,BTC-260529-80000-C
BTC-29MAY26-80000-P,BTC-260529-80000-P
BTC-29MAY26-82000-C,BTC-260529-82000-C
BTC-29MAY26-82000-P,BTC-260529-82000-P
BTC-29MAY26-84000-C,BTC-260529-84000-C
BTC-29MAY26-84000-P,BTC-260529-84000-P
BTC-29MAY26-85000-C,BTC-260529-85000-C
BTC-29MAY26-85000-P,BTC-260529-85000-P
BTC-29MAY26-88000-C,BTC-260529-88000-C
BTC-29MAY26-88000-P,BTC-260529-88000-P
BTC-29MAY26-94000-C,BTC-260529-94000-C
BTC-29MAY26-94000-P,BTC-260529-94000-P
BTC-29MAY26-95000-C,BTC-260529-95000-C
BTC-29MAY26-95000-P,BTC-260529-95000-P
BTC-29MAY26-98000-C,BTC-260529-98000-C
BTC-29MAY26-98000-P,BTC-260529-98000-P
BTC-29MAY26-100000-C,BTC-260529-100000-C
BTC-29MAY26-100000-P,BTC-260529-100000-P
BTC-29MAY26-105000-C,BTC-260529-105000-C
BTC-29MAY26-105000-P,BTC-260529-105000-P
BTC-26JUN26-40000-C,BTC-260626-40000-C
BTC-26JUN26-40000-P,BTC-260626-40000-P
BTC-26JUN26-45000-C,BTC-260626-45000-C
BTC-26JUN26-45000-P,BTC-260626-45000-P
BTC-26JUN26-50000-C,BTC-260626-50000-C
BTC-26JUN26-50000-P,BTC-260626-50000-P
BTC-26JUN26-55000-C,BTC-260626-55000-C
BTC-26JUN26-55000-P,BTC-260626-55000-P
BTC-26JUN26-60000-C,BTC-260626-60000-C
BTC-26JUN26-60000-P,BTC-260626-60000-P
BTC-26JUN26-62000-C,BTC-260626-62000-C
BTC-26JUN26-62000-P,BTC-260626-62000-P
BTC-26JUN26-65000-C,BTC-260626-65000-C
BTC-26JUN26-65000-P,BTC-260626-65000-P
BTC-26JUN26-66000-C,BTC-260626-66000-C
BTC-26JUN26-66000-P,BTC-260626-66000-P
BTC-26JUN26-68000-C,BTC-260626-68000-C
BTC-26JUN26-68000-P,BTC-260626-68000-P
BTC-26JUN26-70000-C,BTC-260626-70000-C
BTC-26JUN26-70000-P,BTC-260626-70000-P
BTC-26JUN26-72000-C,BTC-260626-72000-C
BTC-26JUN26-72000-P,BTC-260626-72000-P
BTC-26JUN26-74000-C,BTC-260626-74000-C
BTC-26JUN26-74000-P,BTC-260626-74000-P
BTC-26JUN26-75000-C,BTC-260626-75000-C
BTC-26JUN26-75000-P,BTC-260626-75000-P
BTC-26JUN26-76000-C,BTC-260626-76000-C
BTC-26JUN26-76000-P,BTC-260626-76000-P
BTC-26JUN26-78000-C,BTC-260626-78000-C
BTC-26JUN26-78000-P,BTC-260626-78000-P
BTC-26JUN26-80000-C,BTC-260626-80000-C
BTC-26JUN26-80000-P,BTC-260626-80000-P
BTC-26JUN26-85000-C,BTC-260626-85000-C
BTC-26JUN26-85000-P,BTC-260626-85000-P
BTC-26JUN26-90000-C,BTC-260626-90000-C
BTC-26JUN26-90000-P,BTC-260626-90000-P
BTC-26JUN26-95000-C,BTC-260626-95000-C
BTC-26JUN26-95000-P,BTC-260626-95000-P
BTC-26JUN26-100000-C,BTC-260626-100000-C
BTC-26JUN26-100000-P,BTC-260626-100000-P
BTC-26JUN26-105000-C,BTC-260626-105000-C
BTC-26JUN26-105000-P,BTC-260626-105000-P
BTC-26JUN26-110000-C,BTC-260626-110000-C
BTC-26JUN26-110000-P,BTC-260626-110000-P
BTC-26JUN26-115000-C,BTC-260626-115000-C
BTC-26JUN26-115000-P,BTC-260626-115000-P
BTC-26JUN26-120000-C,BTC-260626-120000-C
BTC-26JUN26-120000-P,BTC-260626-120000-P
BTC-26JUN26-125000-C,BTC-260626-125000-C
BTC-26JUN26-125000-P,BTC-260626-125000-P
BTC-26JUN26-130000-C,BTC-260626-130000-C
BTC-26JUN26-130000-P,BTC-260626-130000-P
BTC-26JUN26-135000-C,BTC-260626-135000-C
BTC-26JUN26-135000-P,BTC-260626-135000-P
BTC-26JUN26-140000-C,BTC-260626-140000-C
BTC-26JUN26-140000-P,BTC-260626-140000-P
BTC-26JUN26-145000-C,BTC-260626-145000-C
BTC-26JUN26-145000-P,BTC-260626-145000-P
BTC-26JUN26-150000-C,BTC-260626-150000-C
BTC-26JUN26-150000-P,BTC-260626-150000-P
BTC-26JUN26-155000-C,BTC-260626-155000-C
BTC-26JUN26-155000-P,BTC-260626-155000-P
BTC-26JUN26-160000-C,BTC-260626-160000-C
BTC-26JUN26-160000-P,BTC-260626-160000-P
BTC-26JUN26-165000-C,BTC-260626-165000-C
BTC-26JUN26-165000-P,BTC-260626-165000-P
BTC-26JUN26-170000-C,BTC-260626-170000-C
BTC-26JUN26-170000-P,BTC-260626-170000-P
